[-93.21 -76.31 -80.31 -68.55 -65.63 -56.68 -52.08 -40.23 -31.45 -24.11
 -21.8  -21.97 -20.14 -18.64 -15.74 -12.28 -10.39 -11.8   -9.77  -7.38
  -7.61  -6.3   -7.23  -4.38  -3.34  -5.21  -4.87  -5.24  -3.93  -4.1
  -3.32  -2.93  -3.69  -2.41  -3.65  -2.62  -2.41  -2.63  -1.36  -2.3
  -1.08  -3.27  -0.71  -1.6   -1.79  -1.56  -2.76  -1.23  -1.16  -3.31
  -2.06  -1.44  -2.43  -2.38  -1.78  -2.14  -1.8   -2.37  -2.8   -1.86
  -1.47  -1.78  -2.48  -1.04  -2.29  -1.8   -1.86  -0.89  -1.54  -1.7
  -0.82  -0.7   -1.23   0.37  -1.73  -1.07  -1.37  -0.69  -1.15  -1.74
  -0.51  -1.67  -1.27  -1.59  -2.27  -1.13  -1.48  -2.71  -1.51  -1.78
  -1.59  -1.82  -1.53  -1.61  -0.88  -1.77  -1.64  -1.42  -1.18  -1.2
 -96.25 -92.23 -87.38 -83.31 -81.14 -83.82 -75.57 -78.34 -74.09 -75.4
 -71.38 -70.94 -69.69 -65.78 -68.92 -66.68 -65.3  -62.42 -63.61 -58.22
 -56.18 -55.49 -55.47 -52.18 -53.55 -51.83 -52.03 -50.41 -49.43 -47.82
 -45.88 -47.95 -44.27 -45.13 -44.29 -45.41 -41.34 -40.9  -38.06 -41.41
 -39.92 -40.73 -39.93 -37.46 -36.17 -35.38 -36.71 -36.71 -36.32 -34.62
 -37.22 -34.19 -33.89 -34.15 -32.67 -32.21 -32.91 -32.69 -30.22 -33.34
 -30.56 -30.61 -30.36 -27.8  -31.51 -31.92 -29.71 -28.94 -27.89 -28.74
 -28.   -28.14 -29.97 -27.93 -27.44 -27.73 -28.31 -27.2  -27.1  -28.61
 -27.97 -27.   -25.16 -26.07 -27.5  -26.81 -27.51 -27.01 -26.81 -24.96
 -25.5  -26.33 -24.75 -26.97 -23.97 -24.98 -25.5  -24.02 -24.84 -26.61
 -96.18 -94.92 -93.17 -91.66 -91.51 -91.26 -89.07 -86.05 -84.57 -84.11
 -80.36 -76.84 -74.98 -75.76 -70.7  -73.31 -67.67 -67.77 -62.37 -62.29
 -59.16 -58.41 -54.78 -56.49 -53.34 -53.68 -49.22 -50.88 -48.08 -49.23
 -47.65 -47.39 -43.46 -44.05 -43.39 -43.6  -40.83 -43.54 -41.95 -40.67
 -40.91 -39.66 -38.77 -36.84 -38.97 -36.33 -37.3  -36.28 -35.08 -36.67
 -35.44 -34.68 -35.36 -33.1  -34.11 -32.41 -33.52 -31.86 -32.55 -30.58
 -30.21 -31.85 -31.3  -31.78 -31.33 -29.63 -30.66 -31.1  -31.27 -30.53
 -29.88 -31.36 -29.88 -30.4  -30.43 -29.94 -28.88 -28.58 -28.44 -29.29
 -29.59 -28.59 -28.43 -29.41 -28.67 -27.4  -27.7  -27.82 -27.25 -28.1
 -27.56 -27.68 -27.25 -27.6  -27.52 -27.53 -27.42 -26.76 -27.74   0.  ]