[-8.882e+01 -7.668e+01 -7.463e+01 -6.783e+01 -5.933e+01 -4.402e+01
 -3.948e+01 -3.046e+01 -2.721e+01 -2.580e+01 -2.219e+01 -2.010e+01
 -1.659e+01 -1.621e+01 -1.730e+01 -1.356e+01 -1.456e+01 -1.283e+01
 -1.194e+01 -1.238e+01 -8.930e+00 -1.075e+01 -7.320e+00 -6.630e+00
 -5.400e+00 -6.100e+00 -6.210e+00 -4.560e+00 -4.900e+00 -5.380e+00
 -3.780e+00 -2.630e+00 -5.020e+00 -4.200e+00 -1.630e+00 -3.560e+00
 -3.130e+00 -2.480e+00 -2.750e+00 -3.690e+00 -4.470e+00 -2.910e+00
 -1.790e+00 -3.110e+00 -1.310e+00 -2.370e+00 -2.250e+00 -3.960e+00
 -1.790e+00 -2.880e+00 -2.160e+00 -2.850e+00 -3.540e+00 -3.090e+00
 -2.550e+00 -1.530e+00 -3.540e+00 -3.140e+00 -2.260e+00 -3.850e+00
 -2.330e+00 -2.350e+00 -2.550e+00 -2.820e+00 -2.480e+00 -2.280e+00
 -2.430e+00 -1.780e+00 -1.620e+00 -6.500e-01 -1.660e+00 -1.780e+00
 -1.060e+00 -7.000e-01 -1.930e+00 -1.330e+00 -8.200e-01 -1.790e+00
 -1.480e+00 -6.800e-01 -8.400e-01 -1.110e+00 -6.200e-01 -8.900e-01
 -1.000e-02 -8.000e-02 -7.000e-02  3.500e-01  8.400e-01  3.100e-01
  7.900e-01 -2.200e-01  2.600e-01  6.100e-01 -9.500e-01  2.900e-01
  1.080e+00  7.000e-02  5.900e-01  6.000e-02 -9.492e+01 -9.355e+01
 -9.775e+01 -9.681e+01 -9.492e+01 -9.533e+01 -9.359e+01 -9.193e+01
 -8.921e+01 -9.260e+01 -9.030e+01 -8.879e+01 -8.809e+01 -8.554e+01
 -8.547e+01 -7.961e+01 -7.982e+01 -7.366e+01 -7.019e+01 -6.574e+01
 -6.045e+01 -5.524e+01 -5.448e+01 -4.844e+01 -4.378e+01 -4.820e+01
 -4.155e+01 -3.758e+01 -3.093e+01 -3.268e+01 -2.972e+01 -2.873e+01
 -2.752e+01 -2.684e+01 -2.348e+01 -2.276e+01 -2.282e+01 -2.411e+01
 -2.209e+01 -2.127e+01 -2.044e+01 -1.903e+01 -1.905e+01 -1.750e+01
 -1.569e+01 -1.619e+01 -1.677e+01 -1.447e+01 -1.515e+01 -1.340e+01
 -1.276e+01 -9.950e+00 -1.297e+01 -1.206e+01 -1.152e+01 -1.311e+01
 -1.190e+01 -1.119e+01 -1.167e+01 -1.028e+01 -1.246e+01 -1.105e+01
 -9.140e+00 -9.510e+00 -9.300e+00 -9.200e+00 -9.170e+00 -1.009e+01
 -9.460e+00 -9.240e+00 -9.060e+00 -8.100e+00 -8.830e+00 -7.780e+00
 -8.120e+00 -7.130e+00 -8.280e+00 -7.430e+00 -8.050e+00 -8.050e+00
 -8.220e+00 -7.870e+00 -7.310e+00 -7.220e+00 -6.640e+00 -6.830e+00
 -7.490e+00 -6.040e+00 -4.470e+00 -6.060e+00 -5.950e+00 -5.210e+00
 -7.290e+00 -5.500e+00 -5.510e+00 -5.900e+00 -5.310e+00 -5.150e+00
 -5.670e+00 -5.660e+00 -9.607e+01 -9.678e+01 -9.565e+01 -9.217e+01
 -8.972e+01 -8.874e+01 -8.402e+01 -8.022e+01 -7.696e+01 -7.927e+01
 -7.056e+01 -6.618e+01 -6.839e+01 -5.986e+01 -5.908e+01 -5.794e+01
 -5.100e+01 -4.996e+01 -5.110e+01 -4.162e+01 -3.924e+01 -3.563e+01
 -3.243e+01 -3.395e+01 -3.255e+01 -2.984e+01 -3.283e+01 -2.799e+01
 -2.557e+01 -2.413e+01 -2.444e+01 -2.474e+01 -2.191e+01 -2.071e+01
 -1.563e+01 -1.687e+01 -1.695e+01 -1.725e+01 -1.459e+01 -1.426e+01
 -1.393e+01 -1.260e+01 -1.302e+01 -1.270e+01 -1.168e+01 -1.197e+01
 -9.730e+00 -8.630e+00 -9.670e+00 -8.270e+00 -8.050e+00 -8.110e+00
 -6.730e+00 -8.750e+00 -6.700e+00 -8.780e+00 -7.140e+00 -7.460e+00
 -6.910e+00 -5.750e+00 -6.000e+00 -6.780e+00 -5.910e+00 -5.810e+00
 -5.680e+00 -5.580e+00 -6.160e+00 -5.280e+00 -5.920e+00 -6.210e+00
 -5.490e+00 -7.010e+00 -6.710e+00 -5.300e+00 -5.920e+00 -4.940e+00
 -4.060e+00 -5.370e+00 -4.890e+00 -4.570e+00 -4.950e+00 -4.330e+00
 -4.630e+00 -4.450e+00 -4.640e+00 -4.840e+00 -3.370e+00 -4.250e+00
 -4.820e+00 -4.030e+00 -3.740e+00 -4.280e+00 -4.590e+00 -4.460e+00
 -4.600e+00 -4.780e+00 -4.300e+00 -3.190e+00 -3.760e+00  0.000e+00]