[-9.276e+01 -7.475e+01 -7.515e+01 -5.721e+01 -5.348e+01 -4.124e+01
 -3.950e+01 -3.586e+01 -2.944e+01 -2.284e+01 -2.254e+01 -2.499e+01
 -1.817e+01 -1.362e+01 -1.241e+01 -1.612e+01 -9.150e+00 -1.366e+01
 -6.170e+00 -6.550e+00 -5.020e+00 -7.390e+00 -4.990e+00 -6.390e+00
 -3.550e+00 -2.620e+00 -2.950e+00 -2.380e+00 -3.680e+00 -1.870e+00
 -2.010e+00 -2.310e+00 -1.810e+00 -2.730e+00 -7.600e-01 -8.500e-01
 -9.900e-01 -1.180e+00 -1.360e+00 -1.460e+00 -8.800e-01 -1.340e+00
 -9.000e-01 -1.310e+00  4.400e-01 -1.510e+00  2.000e-02 -9.600e-01
 -5.000e-01 -4.200e-01 -1.060e+00 -1.280e+00 -3.000e-01 -5.000e-02
 -6.300e-01 -1.410e+00 -6.700e-01  9.300e-01 -1.290e+00 -1.000e-02
 -9.800e-01 -8.700e-01 -1.800e-01 -1.150e+00 -9.500e-01 -3.700e-01
 -9.700e-01 -1.700e-01 -5.500e-01 -5.000e-01 -2.200e-01 -1.800e-01
 -8.800e-01 -1.200e-01  6.000e-02 -6.300e-01 -4.000e-01  4.900e-01
  1.400e-01  1.190e+00  1.020e+00  6.700e-01  1.600e-01  9.200e-01
  7.600e-01  1.070e+00  1.180e+00  1.190e+00  1.170e+00  9.900e-01
  1.200e-01  5.200e-01  2.000e-02  4.300e-01  2.040e+00  1.660e+00
  1.600e+00  2.090e+00  2.450e+00  2.680e+00  2.580e+00  2.000e+00
  1.460e+00  2.180e+00  2.140e+00  2.240e+00  2.280e+00  1.750e+00
  2.010e+00  2.220e+00  2.500e+00  2.540e+00  2.180e+00  2.370e+00
  2.710e+00  1.600e+00  2.180e+00  1.980e+00  2.200e+00  2.070e+00
  2.590e+00  2.600e+00  2.180e+00  2.370e+00  2.240e+00  2.270e+00
  2.270e+00  2.570e+00  2.320e+00  1.970e+00  2.110e+00  6.700e-01
  2.050e+00  2.680e+00  2.260e+00  2.440e+00  1.920e+00  2.250e+00
  2.020e+00  1.920e+00  1.710e+00  2.670e+00  2.310e+00  2.370e+00
  2.500e+00  2.680e+00  2.240e+00  1.940e+00  1.910e+00  2.340e+00
  2.260e+00  2.370e+00  2.380e+00  2.410e+00  2.250e+00  2.570e+00
  2.260e+00  2.290e+00  2.250e+00  1.950e+00  3.030e+00  1.820e+00
  2.490e+00  2.310e+00  2.440e+00  2.740e+00  2.280e+00  2.080e+00
  2.310e+00  2.100e+00  2.410e+00  2.230e+00  2.510e+00  2.380e+00
  2.670e+00  1.990e+00  2.490e+00  2.550e+00  2.340e+00  2.640e+00
  2.580e+00  2.280e+00  2.560e+00  2.800e+00  1.820e+00  2.120e+00
  2.180e+00  2.450e+00  2.030e+00  2.370e+00  2.540e+00  2.460e+00
  2.420e+00  2.450e+00  2.600e+00  2.420e+00  1.410e+00  2.520e+00
  2.500e+00  2.600e+00  2.450e+00  2.750e+00  2.050e+00  2.280e+00
  2.010e+00  2.840e+00  1.780e+00  2.350e+00  2.170e+00  2.310e+00
  2.870e+00  2.200e+00  1.970e+00  2.860e+00  2.600e+00  2.510e+00
  2.300e+00  2.020e+00  2.360e+00  2.200e+00  2.430e+00  2.560e+00
  2.070e+00  2.610e+00  2.540e+00  2.020e+00  2.390e+00  2.670e+00
  2.950e+00  2.160e+00  2.170e+00  2.030e+00  2.430e+00  2.550e+00
  2.500e+00  2.640e+00  2.430e+00  2.250e+00  2.500e+00  2.290e+00
  2.090e+00  2.600e+00  2.400e+00  2.160e+00  2.720e+00  1.930e+00
  2.510e+00  1.840e+00  2.510e+00  2.250e+00  9.700e-01  1.460e+00
  1.810e+00  1.480e+00  1.640e+00  1.380e+00  1.370e+00  1.480e+00
  1.250e+00  1.760e+00  1.470e+00  1.640e+00  1.530e+00  1.560e+00
  9.000e-01  1.130e+00  1.030e+00  1.530e+00  7.300e-01  1.340e+00
  1.620e+00  1.770e+00  1.370e+00  1.090e+00  1.370e+00  1.550e+00
  1.710e+00  1.440e+00  1.010e+00  1.430e+00  9.800e-01  1.090e+00
  7.800e-01  1.120e+00  8.500e-01  1.410e+00  1.630e+00  1.000e+00
  1.030e+00  1.250e+00  1.540e+00  1.150e+00  9.400e-01  1.550e+00
  1.540e+00  1.120e+00  1.710e+00  1.410e+00  1.200e+00  8.800e-01
 -9.513e+01 -9.946e+01 -9.809e+01 -9.706e+01 -9.989e+01 -9.542e+01
 -9.710e+01 -9.144e+01 -9.427e+01 -9.132e+01 -8.977e+01 -8.596e+01
 -8.584e+01 -8.298e+01 -8.444e+01 -7.848e+01 -7.709e+01 -7.863e+01
 -7.048e+01 -6.846e+01 -6.384e+01 -6.223e+01 -5.685e+01 -5.523e+01
 -4.344e+01 -4.798e+01 -4.284e+01 -3.685e+01 -4.231e+01 -3.690e+01
 -3.206e+01 -3.065e+01 -2.729e+01 -2.844e+01 -2.513e+01 -2.662e+01
 -2.284e+01 -2.285e+01 -1.682e+01 -1.848e+01 -1.772e+01 -1.656e+01
 -1.468e+01 -1.605e+01 -1.421e+01 -1.499e+01 -1.271e+01 -1.476e+01
 -1.240e+01 -1.155e+01 -1.194e+01 -9.930e+00 -8.380e+00 -9.790e+00
 -9.170e+00 -9.570e+00 -9.020e+00 -7.700e+00 -8.120e+00 -8.510e+00
 -8.030e+00 -6.910e+00 -7.270e+00 -6.460e+00 -6.890e+00 -6.390e+00
 -4.570e+00 -7.190e+00 -7.010e+00 -5.770e+00 -5.990e+00 -5.140e+00
 -5.760e+00 -5.720e+00 -5.350e+00 -6.180e+00 -5.810e+00 -5.250e+00
 -5.130e+00 -5.980e+00 -4.770e+00 -4.510e+00 -4.790e+00 -4.470e+00
 -4.780e+00 -4.040e+00 -4.910e+00 -4.480e+00 -4.400e+00 -4.270e+00
 -4.500e+00 -4.860e+00 -4.940e+00 -4.090e+00 -4.810e+00 -4.570e+00
 -4.490e+00 -4.650e+00 -4.380e+00 -4.140e+00 -4.790e+00 -4.550e+00
 -4.600e+00 -5.560e+00 -4.770e+00 -3.280e+00 -4.290e+00 -5.370e+00
 -4.790e+00 -4.350e+00 -4.430e+00 -4.460e+00 -4.840e+00 -4.190e+00
 -4.440e+00 -4.810e+00 -4.780e+00 -4.610e+00 -4.710e+00 -5.140e+00
 -4.540e+00 -4.230e+00 -4.890e+00 -4.710e+00 -4.520e+00 -4.550e+00
 -4.460e+00 -4.350e+00 -4.790e+00 -4.290e+00 -5.250e+00 -4.630e+00
 -4.790e+00 -4.620e+00 -4.480e+00 -5.050e+00 -4.400e+00 -4.850e+00
 -5.380e+00 -5.310e+00 -5.040e+00 -5.040e+00 -4.450e+00 -4.660e+00
 -4.690e+00 -4.140e+00 -4.180e+00 -4.660e+00 -4.150e+00 -4.750e+00
 -4.380e+00 -4.790e+00 -4.400e+00 -4.430e+00 -4.020e+00 -5.190e+00
 -4.350e+00 -4.780e+00 -5.120e+00 -5.020e+00 -4.390e+00 -3.960e+00
 -4.470e+00 -4.860e+00 -4.900e+00 -4.620e+00 -3.860e+00 -4.580e+00
 -4.050e+00 -5.200e+00 -4.600e+00 -4.010e+00 -4.360e+00 -4.570e+00
 -4.210e+00 -4.130e+00 -4.440e+00 -4.650e+00 -3.840e+00 -4.540e+00
 -4.190e+00 -4.920e+00 -5.060e+00 -4.750e+00 -4.560e+00 -3.900e+00
 -3.830e+00 -4.580e+00 -3.990e+00 -4.780e+00 -4.420e+00 -4.740e+00
 -4.740e+00 -4.280e+00 -4.230e+00 -4.660e+00 -4.160e+00 -4.550e+00
 -5.080e+00 -4.380e+00 -4.000e+00 -3.770e+00 -4.990e+00 -4.550e+00
 -4.270e+00 -3.850e+00 -4.200e+00 -5.440e+00 -4.780e+00 -4.750e+00
 -4.020e+00 -3.740e+00 -4.250e+00 -4.520e+00 -4.410e+00 -4.550e+00
 -4.290e+00 -4.340e+00 -4.640e+00 -4.170e+00 -4.320e+00 -4.540e+00
 -3.990e+00 -4.410e+00 -4.470e+00 -4.710e+00 -4.170e+00 -4.240e+00
 -4.230e+00 -4.360e+00 -4.540e+00 -4.330e+00 -4.730e+00 -4.530e+00
 -4.860e+00 -4.480e+00 -4.850e+00 -4.830e+00 -4.340e+00 -4.180e+00
 -3.940e+00 -4.480e+00 -4.420e+00 -4.490e+00 -4.190e+00 -4.640e+00
 -4.630e+00 -4.240e+00 -5.080e+00 -4.430e+00 -4.910e+00 -4.430e+00
 -3.890e+00 -4.820e+00 -4.160e+00 -4.680e+00 -4.830e+00 -4.560e+00
 -4.670e+00 -4.710e+00 -4.450e+00 -4.310e+00 -4.310e+00 -4.790e+00
 -4.980e+00 -4.550e+00 -4.500e+00 -4.100e+00 -4.410e+00 -4.930e+00
 -4.400e+00 -5.040e+00 -3.230e+00 -4.770e+00 -3.990e+00 -4.360e+00
 -4.150e+00 -4.140e+00 -4.700e+00 -3.940e+00 -3.430e+00 -4.470e+00
 -4.730e+00 -4.890e+00 -4.520e+00 -4.490e+00 -4.470e+00 -4.170e+00
 -5.140e+00 -4.640e+00 -3.880e+00 -4.940e+00 -4.490e+00 -4.520e+00
 -4.030e+00 -3.560e+00 -4.440e+00 -3.900e+00 -4.400e+00 -4.070e+00
 -8.934e+01 -9.007e+01 -8.494e+01 -8.508e+01 -8.834e+01 -8.707e+01
 -8.090e+01 -8.079e+01 -7.634e+01 -7.376e+01 -6.712e+01 -6.623e+01
 -6.343e+01 -5.936e+01 -5.792e+01 -4.955e+01 -4.719e+01 -4.463e+01
 -4.404e+01 -4.195e+01 -4.058e+01 -3.567e+01 -3.397e+01 -3.017e+01
 -3.208e+01 -3.151e+01 -2.572e+01 -2.973e+01 -2.451e+01 -2.335e+01
 -1.970e+01 -2.409e+01 -2.099e+01 -2.149e+01 -2.096e+01 -2.026e+01
 -1.819e+01 -1.705e+01 -1.573e+01 -1.598e+01 -1.359e+01 -1.374e+01
 -1.432e+01 -1.303e+01 -1.249e+01 -1.195e+01 -1.293e+01 -1.199e+01
 -1.015e+01 -1.022e+01 -9.070e+00 -9.180e+00 -1.035e+01 -8.140e+00
 -8.330e+00 -8.090e+00 -8.060e+00 -8.680e+00 -9.540e+00 -7.830e+00
 -8.520e+00 -7.880e+00 -7.400e+00 -6.840e+00 -8.050e+00 -6.950e+00
 -6.960e+00 -5.270e+00 -6.300e+00 -5.980e+00 -5.490e+00 -5.450e+00
 -5.760e+00 -5.470e+00 -5.510e+00 -5.480e+00 -5.210e+00 -5.500e+00
 -5.930e+00 -4.900e+00 -5.570e+00 -4.850e+00 -4.540e+00 -5.260e+00
 -4.530e+00 -4.410e+00 -5.250e+00 -5.070e+00 -4.290e+00 -4.900e+00
 -4.550e+00 -4.740e+00 -4.370e+00 -4.670e+00 -4.550e+00 -4.660e+00
 -4.470e+00 -4.790e+00 -4.970e+00 -4.770e+00 -3.930e+00 -4.970e+00
 -4.640e+00 -4.810e+00 -3.870e+00 -4.510e+00 -4.680e+00 -4.250e+00
 -3.650e+00 -4.430e+00 -3.820e+00 -4.860e+00 -4.360e+00 -5.050e+00
 -3.880e+00 -4.120e+00 -4.570e+00 -4.840e+00 -4.610e+00 -4.950e+00
 -4.180e+00 -4.610e+00 -4.060e+00 -4.200e+00 -4.680e+00 -4.160e+00
 -4.760e+00 -4.230e+00 -4.910e+00 -4.220e+00 -4.090e+00 -4.060e+00
 -4.780e+00 -4.600e+00 -4.210e+00 -4.690e+00 -5.530e+00 -4.770e+00
 -4.650e+00 -4.450e+00 -4.240e+00 -4.800e+00 -4.400e+00 -4.770e+00
 -4.010e+00 -4.670e+00 -4.490e+00 -4.460e+00 -4.330e+00 -4.370e+00
 -4.830e+00 -3.780e+00 -4.030e+00 -4.030e+00 -4.210e+00 -4.290e+00
 -4.810e+00 -4.740e+00 -4.780e+00 -4.880e+00 -3.980e+00 -4.630e+00
 -4.070e+00 -3.730e+00 -4.780e+00 -4.540e+00 -4.190e+00 -4.610e+00
 -4.270e+00 -4.640e+00 -3.910e+00 -4.340e+00 -4.520e+00 -3.310e+00
 -3.350e+00 -4.080e+00 -4.390e+00 -4.320e+00 -4.140e+00 -4.070e+00
 -4.280e+00 -4.190e+00 -3.690e+00 -4.280e+00 -4.420e+00 -4.570e+00
 -4.140e+00 -4.600e+00 -4.260e+00 -4.160e+00 -4.580e+00 -4.210e+00
 -4.450e+00 -4.170e+00 -4.620e+00 -4.590e+00 -4.200e+00 -4.410e+00
 -4.740e+00 -4.220e+00 -4.500e+00 -4.030e+00 -4.140e+00 -3.990e+00
 -4.570e+00 -4.180e+00 -4.120e+00 -4.310e+00 -4.580e+00 -4.090e+00
 -4.220e+00 -5.150e+00 -4.250e+00 -4.610e+00 -4.530e+00 -4.100e+00
 -4.560e+00 -4.350e+00 -4.240e+00 -4.230e+00 -4.510e+00 -4.450e+00
 -4.380e+00 -4.030e+00 -4.960e+00 -4.410e+00 -4.490e+00 -4.120e+00
 -4.080e+00 -4.860e+00 -4.020e+00 -4.580e+00 -4.140e+00 -4.280e+00
 -4.080e+00 -4.360e+00 -5.220e+00 -5.180e+00 -5.180e+00 -4.500e+00
 -4.150e+00 -4.220e+00 -4.840e+00 -4.500e+00 -4.210e+00 -4.870e+00
 -4.690e+00 -4.890e+00 -3.940e+00 -4.780e+00 -4.730e+00 -3.470e+00
 -4.360e+00 -4.290e+00 -4.450e+00 -4.340e+00 -4.380e+00 -4.970e+00
 -4.510e+00 -4.060e+00 -3.890e+00 -4.260e+00 -3.930e+00 -4.840e+00
 -4.640e+00 -4.210e+00 -4.700e+00 -4.140e+00 -3.770e+00 -4.820e+00
 -4.140e+00 -4.710e+00 -3.520e+00 -4.510e+00 -5.000e+00 -4.480e+00
 -4.160e+00 -4.570e+00 -4.720e+00 -4.550e+00 -4.390e+00 -4.050e+00
 -4.720e+00 -4.240e+00 -3.900e+00 -4.700e+00 -5.140e+00 -4.260e+00
 -4.760e+00 -4.180e+00 -3.900e+00 -4.220e+00 -5.050e+00 -4.320e+00
 -5.310e+00 -4.740e+00 -4.600e+00 -4.070e+00 -4.670e+00  0.000e+00]