[-100.   -90.   -81.4  -68.4  -84.8  -71.4  -84.4  -89.4  -87.2  -80.
  -80.   -59.2  -60.8  -64.6  -75.8  -52.4  -71.2  -48.4  -82.   -72.6
  -43.6  -60.   -52.8  -48.   -20.6  -40.8  -18.2  -21.   -22.8  -20.4
  -18.   -17.8   -4.2  -19.4  -17.6  -21.4  -20.    -4.2  -16.8  -17.
  -16.4  -17.6  -18.2  -20.2  -20.2   -8.2  -22.   -20.4  -17.4  -19.2
  -19.2  -19.2  -19.   -18.   -19.2  -16.2  -18.   -17.2  -18.4  -16.4
  -21.2  -10.   -19.4  -18.6  -19.4   -8.8    1.6  -18.2  -19.2  -19.
  -17.4  -17.2  -19.   -17.2  -17.   -17.6  -19.6  -16.6  -18.8  -18.
  -17.6  -17.4  -16.6  -14.6  -18.6   -2.4  -17.8  -16.6  -16.6  -18.2
  -10.6    2.6  -20.2   -0.6  -10.     0.4    2.8   -2.4  -18.2  -19.2
  -19.8   -2.     0.4   -1.8  -18.8  -18.4   -5.2    0.    -4.    -5.4
    1.2  -13.6   -8.6  -17.6  -17.6   -1.    -7.6    3.     0.8   -7.
  -19.4   -4.4   -5.8   -3.8    3.     2.2   -7.4   -4.     1.6    1.4
    3.2   -5.8    2.4   -0.8    4.4   -0.6    3.4    3.6    0.2    2.8
    2.4    3.6    2.8    1.8    2.2    1.6    1.6   -0.6    3.4    4.4
    1.2    1.2   -0.4    1.     2.4    3.6    2.2    1.8    1.4    4.
    3.2    1.6    2.4    2.2    3.6    0.2    1.8    4.     2.8    1.4
    2.6    3.2    1.     2.4    3.4   -2.6    2.4    1.6   -1.     3.8
    2.8    3.     3.6    2.4    2.6    2.6    2.6    0.8    0.2    2.
    0.     2.     2.8    2.     2.4    2.2    2.     4.     3.     3.2
    2.8    0.8    1.6    4.2   -0.2    1.     1.     1.8    2.8    3.4
    2.8    0.4    1.     2.8    3.2    2.2    0.2    3.8    1.8    3.8
    1.4    0.6    1.     3.6    4.6    2.     1.8    4.     2.4    0.8
    2.6    1.8    3.6    1.6    3.6    3.4    3.2    1.8    3.4    0.6
    1.6    2.8    3.4    2.8    3.2    2.8    3.6    2.     3.2    3.8
    3.4    3.2    3.2    3.2    3.8    2.     3.4    1.4    1.8    3.6
    3.     2.8    2.8    2.4    3.6    3.2    1.6    0.8    4.2    3.4
    2.2    4.4    4.2    2.4    1.     3.2    0.6    2.     4.     2.6
    0.4    3.4    3.6    1.4    3.2    4.     2.2    3.     2.4    2.8
    3.     3.    -1.8    2.4    2.     2.8    4.     3.     1.2    2.2
  -81.  -100.  -100.  -100.   -89.2  -77.2  -94.   -85.4  -72.   -82.2
  -63.8  -68.   -83.8  -67.6  -68.   -63.   -65.   -61.2  -61.8  -65.4
  -61.8  -61.8  -60.8  -49.2  -57.2  -60.4  -61.6  -55.2  -61.6  -63.6
  -61.6  -56.4  -62.2  -48.2  -55.   -60.2  -60.6  -40.   -51.8  -60.6
  -61.   -60.8  -61.2  -63.2  -60.6  -60.2  -61.8  -63.2  -56.2  -45.6
  -48.   -51.6  -63.2  -51.6  -49.8  -50.   -61.2  -58.8  -61.8  -62.
  -61.4  -53.   -34.6  -62.2  -61.8  -44.8  -60.8  -62.8  -61.   -47.2
  -40.8  -58.   -62.   -45.   -44.6  -43.6  -50.4  -42.   -40.   -47.2
  -47.   -46.6  -41.8  -41.2  -43.4  -47.2  -42.6  -42.8  -41.8  -30.6
  -37.6  -41.6  -42.8  -43.2  -42.4  -42.4  -43.2  -42.   -42.2  -27.6
  -32.4  -26.2  -40.8  -41.4  -41.4  -42.8  -41.   -40.8  -43.8  -41.2
  -43.4  -41.   -41.2  -42.2  -41.4  -43.2  -45.6  -42.4  -42.2  -41.6
  -43.2  -42.   -41.8  -27.8  -41.6  -41.4  -34.   -43.   -41.8  -43.8
  -39.6  -42.2  -39.8  -34.8  -44.   -43.4  -42.2  -46.2  -42.   -44.4
  -47.6  -41.2  -39.8  -41.4  -44.6  -40.8  -42.   -41.2  -41.   -42.4
  -40.8  -41.8  -43.4  -40.   -41.6  -36.6  -42.2  -44.   -42.   -41.4
  -41.2  -44.2  -41.8  -37.4  -42.2  -43.   -42.   -43.8  -40.4  -43.2
  -44.6  -41.   -34.6  -26.8  -41.8  -36.4  -40.6  -41.8  -44.2  -40.8
  -42.4  -43.2  -27.2  -41.6  -41.   -40.4  -41.4  -42.   -42.4  -34.6
  -44.2  -43.4  -32.2  -27.   -41.8  -33.8  -42.4  -42.   -42.8  -42.8
  -41.   -41.8  -40.6  -33.   -34.4  -32.6  -42.   -42.8  -42.2  -41.6
  -42.   -44.   -41.2  -42.2  -40.6  -42.8  -37.8  -43.8  -27.4  -41.
  -41.4  -31.   -41.   -42.4  -31.2  -25.8  -42.2  -41.4  -41.   -28.
  -29.4  -43.2  -42.8  -34.   -42.2  -31.6  -23.8  -43.4  -27.2  -24.6
  -34.6  -29.8  -24.4  -23.8  -23.2  -27.4  -31.   -28.6  -24.4  -26.6
  -22.   -22.6  -24.   -21.8  -21.8  -23.6  -21.8  -21.2  -27.2  -23.6
  -23.   -23.6  -22.8  -26.2  -24.8  -22.4  -23.6  -23.4  -30.6  -23.4
  -24.   -23.2  -21.4  -18.8  -23.4  -23.   -23.4  -25.4  -21.6  -22.2
  -23.6  -25.   -24.2  -26.6  -22.4  -19.   -21.4  -23.4  -23.4  -23.8
  -22.   -21.8  -23.4  -22.6  -26.   -11.4   -9.6  -22.8  -25.4  -22.8
 -100.  -100.   -96.8 -100.  -100.  -100.  -100.   -95.  -100.  -100.
  -80.6  -94.2  -92.   -91.2 -100.  -100.  -100.   -97.6  -85.2  -76.6
  -51.4  -76.2  -84.4  -82.2  -71.2  -61.8  -65.6  -64.6  -65.4  -61.4
  -62.4  -60.6  -67.   -81.6  -67.4  -68.   -61.4  -63.8  -61.2  -60.8
  -61.2  -61.8  -60.6  -52.6  -61.8  -62.8  -62.6  -39.6  -60.6  -62.8
  -62.2  -61.8  -62.6  -63.4  -61.6  -62.6  -60.   -60.2  -60.   -60.8
  -60.8  -62.2  -60.8  -60.6  -61.6  -60.4  -61.6  -61.2  -61.2  -62.8
  -63.   -57.2  -60.6  -51.6  -62.2  -62.2  -47.   -45.   -47.6  -38.4
  -43.2  -45.2  -37.8  -40.2  -46.4  -47.   -32.2  -45.6  -46.8  -47.8
  -42.2  -40.6  -47.   -42.2  -46.   -45.6  -39.2  -30.   -50.6  -25.2
  -26.6  -28.8  -36.2  -32.6  -32.8  -24.8  -25.2  -22.6  -20.   -25.
  -21.8  -25.6  -24.8  -26.   -20.8  -23.4  -23.8  -21.4  -22.   -24.2
  -22.   -24.8  -22.6  -24.   -23.8  -24.   -20.6  -27.   -22.8  -22.2
  -22.2  -20.4  -21.6  -25.2  -22.8  -24.6  -23.2  -25.4  -22.4  -25.4
  -25.4  -23.8  -24.4  -23.4  -22.8  -22.6  -23.2  -22.8  -24.6  -23.4
  -22.2  -26.4  -21.8  -23.8  -22.8  -24.   -22.4  -23.2  -23.6  -24.4
  -22.6  -22.6  -23.   -25.   -23.6  -22.2  -22.8  -22.   -22.2  -23.2
  -23.8  -24.8  -22.2  -21.4  -24.6  -24.8  -25.2  -23.2  -19.6  -21.4
  -24.8  -22.   -21.8  -22.   -24.2  -23.4  -14.   -22.8  -21.4  -24.6
  -17.6  -22.2  -21.6  -25.4  -23.8  -22.6  -23.6  -23.4  -26.2  -22.6
  -23.   -21.4  -24.4  -20.4  -21.   -21.   -22.8  -22.4  -22.2  -23.2
  -23.2  -24.4  -14.2  -21.   -24.4  -22.8  -23.4  -23.   -23.   -20.2
  -22.6  -22.2  -22.8  -22.8  -23.6  -23.4  -25.   -23.6  -24.6  -24.6
  -21.8  -23.4  -21.4  -21.4  -21.8  -20.8  -22.   -24.4  -20.2  -22.2
  -27.8  -21.   -21.2  -21.8  -23.6  -22.   -22.   -21.4  -22.2  -22.6
  -24.2  -23.4  -22.   -24.8  -22.   -21.8  -22.6  -22.6  -23.2  -22.8
  -21.6  -25.6  -21.6   -8.   -26.   -21.6  -23.   -21.6  -23.6  -21.6
  -23.8  -20.6  -22.8  -21.2  -23.6  -22.4  -24.4  -22.8  -23.6  -21.2
  -21.8  -22.8  -22.4  -21.6  -21.8  -22.2  -22.4  -24.4  -22.2  -26.
  -22.6  -21.6  -21.8  -22.6  -22.8  -23.2  -26.2  -24.4  -22.6    0. ]